1 10 20
100 200 125
201 210 89
900 1000 174
10 1 20
200 100 125
210 201 89
1000 900 174
1 1000000 525
1 100000 351
100000 200000 383
200000 300000 443
300000 400000 441
400000 500000 449
500000 600000 470
600000 700000 509
700000 800000 504
800000 900000 525
900000 1000000 507
800000 1000000 525
837799 837799 525
837799 700000 525
1 11 20
1 1 1
1 2 2
2 1 2
999999 1000000 259
888888 999999 507
777777 888888 525
555555 444444 470
222222 111111 386
777777 575575 509
1 200000 383
5 5 6
10 10 7
1 100001 351
999999 200001 525
199999 300001 443
299999 400001 441
399999 500001 449
499999 600001 470
599999 700001 509
699999 800001 504
799999 900001 525
899999 1000000 507
200001 999999 525
300001 199999 443
400001 299999 441
500001 399999 449
600001 499999 470
700001 599999 509
800001 699999 504
900001 799999 525
1000000 899999 507
1 1000 179
1000 2000 182
1000 1 179
2000 1000 182
5 2000 182
1000 1 179
502000 504000 426
502002 500000 364
5005 4004 215
837799 800000 525
123456 654321 509
654321 123456 509
112233 445566 449
445566 112233 449
500 1000 179
501 1001 179
3 3 8
4 4 3
5 5 6
3 5 8
2 2 2
4 4 3
8 8 4
16 16 5
32 32 6
64 64 7
64 4 113
16 64 113
50 20 112
20 55 113
54 54 113
500000 500000 152
499999 500000 258
500000 500001 152
499999 500001 258
500000 499999 258
500001 500000 152
500001 499999 258
250110 250110 89
250555 250555 138
755555 755555 88
555555 222229 470
26 34 112
26 26 11
34 34 14
34 26 112
31 34 107
26 34 112
28 34 107
26 27 112
27 27 112
